ID,DATE,TIME,TIMESTAMP,HOURSSINCELASTUPDATE,ACCUMULATEDHOURS,CASES,DEATHS
1,09/03/2020,04:30:00,1583699400,0.0,0.0,589,22
2,10/03/2020,05:30:00,1583789400,10.56,10.56,708,27
3,10/03/2020,23:35:00,1583854500,25.0,35.56,975,30
4,11/03/2020,04:25:00,1583871900,18.08,53.64,1010,31
5,11/03/2020,15:17:00,1583911020,4.83,58.47,1016,31
6,11/03/2020,23:35:00,1583940900,10.87,69.34,1301,38
7,12/03/2020,03:25:00,1583954700,8.3,77.64,1327,38
8,12/03/2020,11:37:00,1583984220,3.83,81.47,1336,38
9,12/03/2020,22:00:00,1584021600,8.2,89.67,1639,40
10,13/03/2020,00:05:00,1584029100,10.38,100.05,1715,41
11,13/03/2020,01:35:00,1584034500,2.08,102.13,1725,41
12,13/03/2020,03:45:00,1584042300,1.5,103.63,1747,41
13,13/03/2020,06:00:00,1584050400,2.17,105.8,1762,41
14,13/03/2020,15:25:00,1584084300,2.25,108.05,1832,41
15,13/03/2020,22:25:00,1584109500,9.42,117.47,2269,48
16,14/03/2020,02:40:00,1584124800,7.0,124.47,2291,50
17,14/03/2020,07:14:00,1584141240,4.25,128.72,2319,50
18,14/03/2020,16:45:00,1584175500,4.57,133.29,2499,51
19,14/03/2020,23:03:00,1584198180,9.52,142.81,2836,57
20,15/03/2020,05:00:00,1584219600,6.3,149.11,2982,60
21,15/03/2020,05:40:00,1584222000,5.95,155.06,2995,60
22,15/03/2020,07:05:00,1584227100,0.67,155.73,3043,60
23,15/03/2020,19:00:00,1584270000,1.42,157.15,3329,63
24,15/03/2020,20:05:00,1584273900,11.92,169.07,3400,63
25,15/03/2020,21:15:00,1584278100,1.08,170.15,3621,63
26,15/03/2020,22:15:00,1584281700,1.17,171.32,3502,63
27,16/03/2020,00:35:00,1584290100,1.0,172.32,3714,68
28,16/03/2020,02:48:00,1584298080,2.33,174.65,3777,69
29,16/03/2020,05:36:00,1584308160,2.22,176.87,3782,69
30,16/03/2020,08:29:00,1584318540,2.8,179.67,3802,69
31,16/03/2020,18:40:00,1584355200,2.88,182.55,4186,73
32,16/03/2020,22:40:00,1584369600,10.18,192.73,4597,86
33,17/03/2020,00:45:00,1584377100,4.0,196.73,4667,87
34,17/03/2020,02:40:00,1584384000,2.08,198.81,4704,91
35,17/03/2020,06:35:00,1584398100,1.92,200.73,4727,93
36,17/03/2020,10:31:00,1584412260,3.92,204.65,4743,93
37,17/03/2020,14:38:00,1584427080,3.93,208.58,4752,93
38,17/03/2020,18:41:00,1584441660,4.12,212.7,5723,97
39,17/03/2020,21:55:00,1584453300,4.05,216.75,6211,102
40,17/03/2020,22:40:00,1584456000,3.23,219.98,6349,106
41,18/03/2020,02:20:00,1584469200,0.75,220.73,6499,112
42,18/03/2020,06:05:00,1584482700,3.67,224.4,6522,116
43,18/03/2020,10:10:00,1584497400,3.75,228.15,6524,116
44,18/03/2020,16:15:00,1584519300,4.08,232.23,7601,116
45,18/03/2020,18:16:00,1584526560,6.08,238.31,7708,120
46,18/03/2020,20:21:00,1584534060,2.02,240.33,8710,132
47,18/03/2020,22:10:00,1584540600,2.08,242.41,8998,150
48,19/03/2020,02:17:00,1584555420,1.82,244.23,9371,153
49,19/03/2020,10:16:00,1584584160,4.12,248.35,9464,155
50,19/03/2020,12:18:00,1584591480,7.98,256.33,9473,155
51,19/03/2020,14:15:00,1584598500,2.03,258.36,9486,157
52,19/03/2020,16:22:00,1584606120,1.95,260.31,10692,160
53,19/03/2020,18:17:00,1584613020,2.12,262.43,11355,171
54,19/03/2020,22:45:00,1584629100,1.92,264.35,13737,201
55,20/03/2020,00:48:00,1584636480,4.47,268.82,13865,211
56,20/03/2020,02:40:00,1584643200,2.05,270.87,14316,218
57,20/03/2020,04:34:00,1584650040,1.87,272.74,14336,218
58,20/03/2020,06:35:00,1584657300,1.9,274.64,14366,217
59,20/03/2020,08:10:00,1584663000,2.02,276.66,14366,217
60,20/03/2020,10:11:00,1584670260,1.58,278.24,14366,217
61,20/03/2020,12:11:00,1584677460,2.02,280.26,14366,217
62,20/03/2020,14:10:00,1584684600,2.0,282.26,14373,218
63,20/03/2020,16:11:00,1584691860,1.98,284.24,16067,219
64,20/03/2020,18:12:00,1584699120,2.02,286.26,16545,225
65,20/03/2020,20:12:00,1584706320,2.02,288.28,18121,233
66,20/03/2020,22:12:00,1584713520,2.0,290.28,18876,237
67,21/03/2020,00:06:00,1584720360,2.0,292.28,19393,256
68,21/03/2020,02:07:00,1584727620,1.9,294.18,19643,263
69,21/03/2020,04:08:00,1584734880,2.02,296.2,19652,264
70,21/03/2020,06:05:00,1584741900,2.02,298.22,19774,275
71,21/03/2020,08:10:00,1584749400,1.95,300.17,19774,275
72,21/03/2020,10:12:00,1584756720,2.08,302.25,19774,275
73,21/03/2020,12:46:00,1584765960,2.03,304.28,19775,276
74,21/03/2020,14:48:00,1584773280,2.57,306.85,19823,276
75,21/03/2020,16:48:00,1584780480,2.03,308.88,22085,282
76,21/03/2020,18:45:00,1584787500,2.0,310.88,22813,288
77,21/03/2020,20:45:00,1584794700,1.95,312.83,24142,288
78,21/03/2020,22:45:00,1584801900,2.0,314.83,23940,301
79,22/03/2020,00:40:00,1584808800,2.0,316.83,26111,324
80,22/03/2020,02:40:00,1584816000,1.92,318.75,26711,341
81,22/03/2020,04:45:00,1584823500,2.0,320.75,26867,348
82,22/03/2020,06:30:00,1584829800,2.08,322.83,26892,348
83,22/03/2020,08:45:00,1584837900,1.75,324.58,26892,348
84,22/03/2020,10:45:00,1584845100,2.25,326.83,26900,348
85,22/03/2020,12:48:00,1584852480,2.0,328.83,26905,348
86,22/03/2020,14:45:00,1584859500,2.05,330.88,27031,349
87,22/03/2020,16:42:00,1584866520,1.95,332.83,30239,388
88,22/03/2020,18:48:00,1584874080,1.95,334.78,38757,400
89,22/03/2020,20:44:00,1584881040,2.1,336.88,32356,414
90,22/03/2020,21:41:00,1584884460,1.93,338.81,32356,414
91,23/03/2020,00:44:00,1584895440,0.95,339.76,33346,414
92,23/03/2020,02:37:00,1584902220,3.05,342.81,33546,419
93,23/03/2020,03:55:00,1584906900,1.88,344.69,34717,452
94,23/03/2020,06:45:00,1584917100,1.3,345.99,35060,457
95,23/03/2020,08:47:00,1584924420,2.83,348.82,35070,458
96,23/03/2020,10:47:00,1584931620,2.03,350.85,35070,458
97,23/03/2020,12:46:00,1584938760,2.0,352.85,35075,458
98,23/03/2020,14:45:00,1584945900,1.98,354.83,35179,459
99,23/03/2020,16:45:00,1584953100,1.98,356.81,40773,479
100,23/03/2020,18:46:00,1584960360,2.0,358.81,41569,504
101,23/03/2020,20:47:00,1584967620,2.02,360.83,42443,517
102,23/03/2020,22:31:00,1584973860,2.02,362.85,43449,545
103,24/03/2020,00:47:00,1584982020,1.73,364.58,43718,552
104,24/03/2020,02:33:00,1584988380,2.27,366.85,43734,553
105,24/03/2020,04:46:00,1584996360,1.77,368.62,46145,582
106,24/03/2020,06:43:00,1585003380,2.22,370.84,46145,582
107,24/03/2020,08:48:00,1585010880,1.95,372.79,46145,582
108,24/03/2020,10:47:00,1585018020,2.08,374.87,46168,582
109,24/03/2020,12:47:00,1585025220,1.98,376.85,46168,582
110,24/03/2020,14:47:00,1585032420,2.0,378.85,46274,588
111,24/03/2020,16:47:00,1585039620,2.0,380.85,49594,622
112,24/03/2020,18:45:00,1585046700,2.0,382.85,50982,655
113,24/03/2020,20:42:00,1585053720,1.97,384.82,52921,684
114,24/03/2020,22:48:00,1585061280,1.95,386.77,53205,687
115,25/03/2020,00:29:00,1585067340,2.1,388.87,53655,698
116,25/03/2020,02:44:00,1585075440,1.68,390.55,54823,778
117,25/03/2020,04:46:00,1585082760,2.25,392.8,54867,782
118,25/03/2020,06:47:00,1585090020,2.03,394.83,54916,784
119,25/03/2020,08:48:00,1585097280,2.02,396.85,54935,784
120,25/03/2020,10:43:00,1585104180,2.02,398.87,54941,784
121,25/03/2020,12:48:00,1585111680,1.92,400.79,54979,785
122,25/03/2020,14:48:00,1585118880,2.08,402.87,55081,785
123,25/03/2020,16:48:00,1585126080,2.0,404.87,60642,817
124,25/03/2020,18:48:00,1585133280,2.0,406.87,62364,878
125,25/03/2020,20:33:00,1585139580,2.0,408.87,64765,910
126,25/03/2020,22:44:00,1585147440,1.75,410.62,65527,928
127,26/03/2020,00:34:00,1585154040,2.18,412.8,65797,935
128,26/03/2020,02:43:00,1585161780,1.83,414.63,66741,963
129,26/03/2020,05:24:00,1585171440,2.15,416.78,68472,1032
130,26/03/2020,07:03:00,1585177380,2.68,419.46,68489,1032
131,26/03/2020,09:02:00,1585184520,1.65,421.11,68489,1032
132,26/03/2020,11:02:00,1585191720,1.98,423.09,68581,1036
133,26/03/2020,13:01:00,1585198860,2.0,425.09,68594,1036
134,26/03/2020,14:52:00,1585205520,1.98,427.07,68905,1037
135,26/03/2020,17:02:00,1585213320,1.85,428.92,75069,1080
136,26/03/2020,19:00:00,1585220400,2.17,431.09,79082,1143
137,26/03/2020,21:01:00,1585227660,1.97,433.06,81946,1177
138,26/03/2020,23:02:00,1585234920,2.02,435.08,83206,1201
139,27/03/2020,01:00:00,1585242000,2.02,437.1,85280,1293
140,27/03/2020,03:01:00,1585249260,1.97,439.07,85520,1297
141,27/03/2020,04:36:00,1585254960,2.02,441.09,85594,1300
142,27/03/2020,07:33:00,1585265580,1.58,442.67,85612,1301
143,27/03/2020,09:32:00,1585272720,2.95,445.62,85612,1301
144,27/03/2020,11:31:00,1585279860,1.98,447.6,85749,1304
145,27/03/2020,13:32:00,1585287120,1.98,449.58,85755,1304
146,27/03/2020,15:33:00,1585294380,2.02,451.6,86548,1321
147,27/03/2020,17:32:00,1585301520,2.02,453.62,94425,1429
148,27/03/2020,19:33:00,1585308780,1.98,455.6,98180,1513
149,27/03/2020,21:33:00,1585315980,2.02,457.62,100514,1546
150,27/03/2020,23:33:00,1585323180,2.0,459.62,102325,1591
151,28/03/2020,01:32:00,1585330320,2.0,461.62,104126,1692
152,28/03/2020,03:34:00,1585337640,1.98,463.6,104205,1704
153,28/03/2020,05:35:00,1585344900,2.03,465.63,104205,1704
154,28/03/2020,07:35:00,1585352100,2.02,467.65,104256,1704
155,28/03/2020,09:35:00,1585359300,2.0,469.65,104256,1704
156,28/03/2020,11:40:00,1585366800,2.0,471.65,104256,1704
157,28/03/2020,13:36:00,1585373760,2.08,473.73,104277,1704
158,28/03/2020,15:45:00,1585381500,1.93,475.66,105726,1730
159,28/03/2020,17:45:00,1585388700,2.15,477.81,116050,1937
160,28/03/2020,19:43:00,1585395780,2.0,479.81,118592,1979
161,28/03/2020,21:44:00,1585403040,1.97,481.78,120204,1997
162,28/03/2020,23:43:00,1585410180,2.02,483.8,123311,2211
163,29/03/2020,01:46:00,1585417560,1.98,485.78,123578,2221
164,29/03/2020,03:46:00,1585424760,2.05,487.83,123750,2227
165,29/03/2020,05:48:00,1585432080,2.0,489.83,123774,2228
166,29/03/2020,07:41:00,1585438860,2.03,491.86,123776,2229
167,29/03/2020,09:45:00,1585446300,1.88,493.74,123781,2229
168,29/03/2020,11:44:00,1585453440,2.07,495.81,123781,2229
169,29/03/2020,13:46:00,1585460760,1.98,497.79,123828,2229
170,29/03/2020,15:47:00,1585468020,2.03,499.82,125099,2238
171,29/03/2020,17:49:00,1585475340,2.02,501.84,133146,2363
172,29/03/2020,19:47:00,1585482420,2.03,503.87,137943,2431
173,29/03/2020,21:48:00,1585489680,1.97,505.84,139904,2449
174,29/03/2020,23:49:00,1585496940,2.02,507.86,141781,2471
175,30/03/2020,01:44:00,1585503840,2.02,509.88,142004,2484
176,30/03/2020,03:46:00,1585511160,1.92,511.8,142735,2488
177,30/03/2020,06:46:00,1585521960,2.03,513.83,142735,2488
178,30/03/2020,08:50:00,1585529400,3.0,516.83,142735,2489
179,30/03/2020,10:50:00,1585536600,2.07,518.9,142746,2489
180,30/03/2020,12:50:00,1585543800,2.0,520.9,142793,2490
181,30/03/2020,14:50:00,1585551000,2.0,522.9,144410,2600
182,30/03/2020,16:50:00,1585558200,2.0,524.9,145542,2616
183,30/03/2020,18:50:00,1585565400,2.0,526.9,156565,2870
184,30/03/2020,20:50:00,1585572600,2.0,528.9,159689,2951
185,30/03/2020,22:50:00,1585579800,2.0,530.9,161358,2974
186,31/03/2020,00:50:00,1585587000,2.0,532.9,163479,3148
187,31/03/2020,02:50:00,1585594200,2.0,534.9,164253,3165
188,31/03/2020,04:50:00,1585601400,2.0,536.9,164253,3167
189,31/03/2020,06:50:00,1585608600,2.0,538.9,164323,3170
190,31/03/2020,08:42:00,1585615320,2.0,540.9,164359,3173
191,31/03/2020,10:49:00,1585622940,1.87,542.77,164359,3173
192,31/03/2020,12:49:00,1585630140,2.12,544.89,164435,3175
193,31/03/2020,14:49:00,1585637340,2.0,546.89,165392,3182
194,31/03/2020,16:49:00,1585644540,2.0,548.89,175669,3424
195,31/03/2020,18:49:00,1585651740,2.0,550.89,180340,3573
196,31/03/2020,20:49:00,1585658940,2.0,552.89,186046,3807
197,31/03/2020,22:49:00,1585666140,2.0,554.89,187729,3867
198,01/04/2020,02:49:00,1585680540,2.0,556.89,188530,3889
199,01/04/2020,04:49:00,1585687740,4.0,560.89,188578,4054
200,01/04/2020,06:49:00,1585694940,2.0,562.89,188592,4055
201,01/04/2020,08:49:00,1585702140,2.0,564.89,188592,4056
202,01/04/2020,10:49:00,1585709340,2.0,566.89,188639,4059
203,01/04/2020,12:49:00,1585716540,2.0,568.89,188647,4059
204,01/04/2020,14:49:00,1585723740,2.0,570.89,189711,4099
205,01/04/2020,16:49:00,1585730940,2.0,572.89,200289,4394
206,01/04/2020,18:49:00,1585738140,2.0,574.89,205438,4528
207,01/04/2020,20:49:00,1585745340,2.0,576.89,211143,4713
208,01/04/2020,22:49:00,1585752540,2.0,578.89,212980,4759
209,02/04/2020,00:49:00,1585759740,2.0,580.89,215003,5102
210,02/04/2020,02:49:00,1585766940,2.0,582.89,215175,5110
211,02/04/2020,04:49:00,1585774140,2.0,584.89,215300,5110
212,02/04/2020,06:49:00,1585781340,2.0,586.89,215324,5112
213,02/04/2020,08:49:00,1585788540,2.0,588.89,215344,5112
214,02/04/2020,10:49:00,1585795740,2.0,590.89,215344,5112
215,02/04/2020,12:49:00,1585802940,2.0,592.89,216722,5140
216,02/04/2020,14:49:00,1585810140,2.0,594.89,219832,5227
217,02/04/2020,16:49:00,1585817340,2.0,596.89,222658,5356
218,02/04/2020,18:49:00,1585824540,2.0,598.89,232899,5665
219,02/04/2020,20:49:00,1585831740,2.0,600.89,243298,5883
220,02/04/2020,22:49:00,1585838940,2.0,602.89,244230,5883
221,03/04/2020,00:20:00,1585844400,2.0,604.89,244230,5883
222,03/04/2020,01:20:00,1585848000,1.52,606.41,244877,6070
223,03/04/2020,01:20:00,1585848000,1.0,607.41,245066,6075
224,03/04/2020,03:20:00,1585855200,0.0,607.41,245088,6075
225,03/04/2020,05:20:00,1585862400,2.0,609.41,245341,6095
226,03/04/2020,07:20:00,1585869600,2.0,611.41,245373,6095
227,03/04/2020,09:20:00,1585876800,2.0,613.41,245373,6095
228,03/04/2020,11:20:00,1585884000,2.0,615.41,245380,6095
229,03/04/2020,13:20:00,1585891200,2.0,617.41,245442,6098
230,03/04/2020,14:49:00,1585896540,2.0,619.41,245442,6099
231,03/04/2020,16:49:00,1585903740,1.48,620.89,259750,6603
232,03/04/2020,18:49:00,1585910940,2.0,622.89,266279,6803
233,03/04/2020,20:49:00,1585918140,2.0,624.89,272614,6988
234,03/04/2020,22:49:00,1585925340,2.0,626.89,275802,7087
235,04/04/2020,00:49:00,1585932540,2.0,628.89,276965,7391
236,04/04/2020,02:49:00,1585939740,2.0,630.89,277161,7392
237,04/04/2020,04:49:00,1585946940,2.0,632.89,277475,7402
238,04/04/2020,06:49:00,1585954140,2.0,634.89,277522,7403
239,04/04/2020,08:49:00,1585961340,2.0,636.89,277522,7403
240,04/04/2020,10:49:00,1585968540,2.0,638.89,277522,7403
241,04/04/2020,12:49:00,1585975740,2.0,640.89,277607,7406
242,04/04/2020,14:49:00,1585982940,2.0,642.89,279500,7457
243,04/04/2020,16:49:00,1585990140,2.0,644.89,293494,7896
244,04/04/2020,18:49:00,1585997340,2.0,646.89,301147,8173
245,04/04/2020,20:49:00,1586004540,2.0,648.89,306768,8347
246,04/04/2020,22:49:00,1586011740,2.0,650.89,308644,8401
247,05/04/2020,00:49:00,1586018940,2.0,652.89,311357,8452
248,05/04/2020,04:49:00,1586033340,2.0,654.89,311635,8454
249,05/04/2020,06:49:00,1586040540,4.0,658.89,311637,8454
250,05/04/2020,08:49:00,1586047740,2.0,660.89,311637,8454
251,05/04/2020,10:49:00,1586054940,2.0,662.89,311637,8454
252,05/04/2020,12:49:00,1586062140,2.0,664.89,311637,8454
253,05/04/2020,14:49:00,1586069340,2.0,666.89,312207,8480
254,05/04/2020,16:49:00,1586076540,2.0,668.89,323596,9172
255,05/04/2020,18:49:00,1586083740,2.0,670.89,328662,9365
256,05/04/2020,20:49:00,1586090940,2.0,672.89,333017,9528
257,05/04/2020,22:49:00,1586098140,2.0,674.89,334745,9572
258,06/04/2020,00:49:00,1586105340,2.0,676.89,336673,9616
259,06/04/2020,02:49:00,1586112540,2.0,678.89,336830,9618
260,06/04/2020,04:49:00,1586119740,2.0,680.89,336830,9618
261,06/04/2020,06:49:00,1586126940,2.0,682.89,336851,9620
262,06/04/2020,08:49:00,1586134140,2.0,684.89,336851,9620
263,06/04/2020,10:49:00,1586141340,2.0,686.89,336851,9620
264,06/04/2020,12:49:00,1586148540,2.0,688.89,336851,9620
265,06/04/2020,14:49:00,1586155740,2.0,690.89,337925,9664
266,06/04/2020,16:49:00,1586162940,2.0,692.89,350013,10327
267,06/04/2020,18:49:00,1586170140,2.0,694.89,356414,10490
268,06/04/2020,20:49:00,1586177340,2.0,696.89,362326,10714
269,06/04/2020,22:49:00,1586184540,2.0,698.89,364066,10792
270,07/04/2020,00:49:00,1586191740,2.0,700.89,367004,10871
271,07/04/2020,02:49:00,1586198940,2.0,702.89,367004,10871
272,07/04/2020,04:49:00,1586206140,2.0,704.89,367629,10941
273,07/04/2020,06:49:00,1586213340,2.0,706.89,367650,10943
274,07/04/2020,08:49:00,1586220540,2.0,708.89,367650,10943
275,07/04/2020,10:49:00,1586227740,2.0,710.89,367650,10943
276,07/04/2020,12:49:00,1586234940,2.0,712.89,367719,10943
277,07/04/2020,14:49:00,1586242140,2.0,714.89,369522,11013
278,07/04/2020,16:49:00,1586249340,2.0,716.89,386194,12246
279,07/04/2020,18:49:00,1586256540,2.0,718.89,388421,12393
280,07/04/2020,20:49:00,1586263740,2.0,720.89,391665,12561
281,07/04/2020,22:49:00,1586270940,2.0,722.89,394587,12748
282,08/04/2020,00:49:00,1586278140,2.0,724.89,399937,12813
283,08/04/2020,02:49:00,1586285340,2.0,726.89,400412,12854
284,08/04/2020,04:49:00,1586292540,2.0,728.89,400540,12857
285,08/04/2020,06:49:00,1586299740,2.0,730.89,400540,12857
286,08/04/2020,08:49:00,1586306940,2.0,732.89,400549,12857
287,08/04/2020,10:49:00,1586314140,2.0,734.89,400549,12857
288,08/04/2020,12:49:00,1586321340,2.0,736.89,400549,12857
289,08/04/2020,14:49:00,1586328540,2.0,738.89,402471,12914
290,08/04/2020,16:49:00,1586335740,2.0,740.89,406697,13868
291,08/04/2020,18:49:00,1586342940,2.0,742.89,418451,14240
292,08/04/2020,20:49:00,1586350140,2.0,744.89,423046,14476
293,08/04/2020,22:49:00,1586357340,2.0,746.89,426300,14622
294,09/04/2020,00:49:00,1586364540,2.0,748.89,430271,14738
295,09/04/2020,02:49:00,1586371740,2.0,750.89,435128,14795
296,09/04/2020,04:49:00,1586378940,2.0,752.89,435128,14795
297,09/04/2020,06:49:00,1586386140,2.0,754.89,435160,14797
298,09/04/2020,08:49:00,1586393340,2.0,756.89,435160,14797
299,09/04/2020,10:49:00,1586400540,2.0,758.89,435160,14797
300,09/04/2020,12:49:00,1586407740,2.0,760.89,435160,14797
301,09/04/2020,14:50:00,1586415000,2.0,762.89,435941,14865
302,09/04/2020,16:50:00,1586422200,2.02,764.91,449555,15826
303,09/04/2020,18:50:00,1586429400,2.0,766.91,455454,16114
304,09/04/2020,20:50:00,1586436600,2.0,768.91,462180,16444
305,09/04/2020,22:50:00,1586443800,2.0,770.91,465240,16512
306,10/04/2020,00:50:00,1586451000,2.0,772.91,468566,16691
307,10/04/2020,02:50:00,1586458200,2.0,774.91,468566,16691
308,10/04/2020,04:50:00,1586465400,2.0,776.91,468887,16697
309,10/04/2020,06:50:00,1586472600,2.0,778.91,468895,16697
310,10/04/2020,09:07:00,1586480820,2.0,780.91,468895,16697
311,10/04/2020,11:07:00,1586488020,2.28,783.19,468895,16697
312,10/04/2020,13:07:00,1586495220,2.0,785.19,468895,16697
313,10/04/2020,15:07:00,1586502420,2.0,787.19,475237,17055
314,10/04/2020,17:07:00,1586509620,2.0,789.19,478366,17927
315,10/04/2020,19:07:00,1586516820,2.0,791.19,489646,18034
316,10/04/2020,21:07:00,1586524020,2.0,793.19,495750,18430
317,10/04/2020,23:07:00,1586531220,2.0,795.19,501272,18666
318,11/04/2020,01:07:00,1586538420,2.0,797.19,502318,18725
319,11/04/2020,07:07:00,1586560020,2.0,799.19,502876,18747
320,11/04/2020,09:07:00,1586567220,6.0,805.19,503177,18761
321,11/04/2020,11:07:00,1586574420,2.0,807.19,503177,18761
322,11/04/2020,13:07:00,1586581620,2.0,809.19,503177,18761
323,11/04/2020,15:07:00,1586588820,2.0,811.19,505805,18870
324,11/04/2020,17:07:00,1586596020,2.0,813.19,508575,19833
325,11/04/2020,19:07:00,1586603220,2.0,815.19,522331,20087
326,11/04/2020,21:07:00,1586610420,2.0,817.19,528990,20455
327,11/04/2020,23:07:00,1586617620,2.0,819.19,530613,20524
328,12/04/2020,01:07:00,1586624820,2.0,821.19,532879,20577
329,12/04/2020,03:50:00,1586634600,2.0,823.19,532879,20577
330,12/04/2020,05:49:00,1586641740,2.72,825.91,533088,20580
331,12/04/2020,07:49:00,1586648940,1.98,827.89,533115,20580
332,12/04/2020,09:49:00,1586656140,2.0,829.89,533115,20580
333,12/04/2020,11:49:00,1586663340,2.0,831.89,533115,20580
334,12/04/2020,13:49:00,1586670540,2.0,833.89,533470,20595
335,12/04/2020,15:49:00,1586677740,2.0,835.89,535385,21407
336,12/04/2020,17:49:00,1586684940,2.0,837.89,545934,21474
337,12/04/2020,19:49:00,1586692140,2.0,839.89,552848,21711
338,12/04/2020,21:49:00,1586699340,2.0,841.89,557235,21956
339,12/04/2020,23:49:00,1586706540,2.0,843.89,560246,22101
340,13/04/2020,01:49:00,1586713740,2.0,845.89,560433,22115
341,13/04/2020,03:49:00,1586720940,2.0,847.89,560433,22115
342,13/04/2020,05:49:00,1586728140,2.0,849.89,560433,22115
343,13/04/2020,07:49:00,1586735340,2.0,851.89,560433,22115
344,13/04/2020,09:49:00,1586742540,2.0,853.89,560433,22115
345,13/04/2020,11:49:00,1586749740,2.0,855.89,560433,22115
346,13/04/2020,13:49:00,1586756940,2.0,857.89,560433,22115
347,13/04/2020,15:49:00,1586764140,2.0,859.89,563009,22843
348,13/04/2020,17:49:00,1586771340,2.0,861.89,573827,22950
349,13/04/2020,19:49:00,1586778540,2.0,863.89,579486,23252
350,13/04/2020,21:49:00,1586785740,2.0,865.89,583870,23485
351,13/04/2020,23:49:00,1586792940,2.0,867.89,586377,23610
352,14/04/2020,01:49:00,1586800140,2.0,869.89,586941,23640
